[[0, 10, 1, 9], [10, 2, 11, 1], [8, 0, 9, 17], [7, 16, 8, 17], [2, 12, 3, 11], [15, 6, 16, 7], [12, 4, 13, 3], [5, 14, 6, 15], [4, 14, 5, 13]]
[[11, 1, 12, 0], [1, 11, 2, 10], [9, 12, 10, 13], [19, 8, 0, 9], [3, 18, 4, 19], [2, 14, 3, 13], [6, 16, 7, 15], [7, 14, 8, 15], [16, 6, 17, 5], [17, 4, 18, 5]]
[[17, 11, 0, 10], [15, 9, 16, 8], [11, 1, 12, 0], [9, 17, 10, 16], [5, 15, 6, 14], [7, 6, 8, 7], [4, 13, 5, 14], [3, 13, 4, 12], [1, 2, 2, 3]]
[[0, 16, 1, 15], [16, 6, 17, 5], [14, 2, 15, 1], [6, 0, 7, 21], [2, 14, 3, 13], [8, 20, 9, 19], [7, 20, 8, 21], [18, 10, 19, 9], [17, 10, 18, 11], [4, 12, 5, 11], [3, 12, 4, 13]]
[[0, 12, 1, 11], [18, 3, 19, 4], [16, 0, 17, 23], [8, 2, 9, 1], [4, 17, 5, 18], [2, 8, 3, 7], [19, 12, 20, 13], [20, 14, 21, 13], [21, 14, 22, 15], [22, 16, 23, 15], [5, 11, 6, 10], [6, 9, 7, 10]]
[[0, 7, 1, 8], [18, 6, 19, 5], [12, 2, 13, 1], [8, 19, 9, 0], [6, 10, 7, 9], [2, 16, 3, 15], [16, 12, 17, 11], [17, 10, 18, 11], [3, 5, 4, 4], [13, 15, 14, 14]]
[[17, 1, 18, 0], [7, 19, 8, 18], [1, 6, 2, 7], [5, 16, 6, 17], [13, 4, 14, 5], [23, 9, 0, 8], [14, 4, 15, 3], [15, 2, 16, 3], [9, 23, 10, 22], [12, 19, 13, 20], [11, 21, 12, 20], [10, 21, 11, 22]]
[[0, 14, 1, 13], [20, 10, 21, 9], [18, 6, 19, 5], [14, 2, 15, 1], [12, 0, 13, 23], [8, 20, 9, 19], [4, 16, 5, 15], [6, 18, 7, 17], [7, 16, 8, 17], [2, 3, 3, 4], [11, 22, 12, 23], [10, 22, 11, 21]]
[[19, 9, 20, 8], [17, 3, 18, 2], [13, 7, 14, 6], [9, 1, 10, 0], [7, 11, 8, 10], [5, 15, 6, 14], [1, 19, 2, 18], [15, 5, 16, 4], [16, 3, 17, 4], [11, 12, 12, 13], [21, 21, 0, 20]]
[[0, 10, 1, 9], [16, 6, 17, 5], [12, 2, 13, 1], [10, 4, 11, 3], [8, 0, 9, 21], [4, 14, 5, 13], [2, 12, 3, 11], [15, 15, 16, 14], [7, 20, 8, 21], [6, 18, 7, 17], [18, 20, 19, 19]]
[[25, 9, 0, 8], [19, 7, 20, 6], [17, 3, 18, 2], [13, 21, 14, 20], [7, 1, 8, 0], [5, 15, 6, 14], [1, 19, 2, 18], [21, 13, 22, 12], [24, 11, 25, 12], [10, 23, 11, 24], [9, 23, 10, 22], [15, 5, 16, 4], [16, 3, 17, 4]]
[[23, 11, 0, 10], [21, 1, 22, 0], [15, 3, 16, 2], [13, 9, 14, 8], [9, 23, 10, 22], [7, 21, 8, 20], [1, 15, 2, 14], [11, 12, 12, 13], [16, 3, 17, 4], [17, 5, 18, 4], [18, 5, 19, 6], [19, 7, 20, 6]]
[[0, 4, 1, 3], [20, 14, 21, 13], [18, 2, 19, 1], [16, 7, 17, 8], [12, 0, 13, 21], [6, 17, 7, 18], [2, 20, 3, 19], [15, 9, 16, 8], [14, 9, 15, 10], [4, 5, 5, 6], [10, 11, 11, 12]]
[[0, 11, 1, 12], [22, 6, 23, 5], [18, 1, 19, 2], [16, 20, 17, 19], [12, 25, 13, 0], [10, 16, 11, 15], [2, 17, 3, 18], [23, 6, 24, 7], [24, 8, 25, 7], [9, 14, 10, 15], [8, 14, 9, 13], [3, 20, 4, 21], [4, 22, 5, 21]]
[[0, 16, 1, 15], [24, 20, 25, 19], [20, 9, 21, 10], [16, 0, 17, 27], [14, 2, 15, 1], [12, 4, 13, 3], [6, 23, 7, 24], [2, 14, 3, 13], [18, 26, 19, 25], [17, 26, 18, 27], [10, 6, 11, 5], [11, 4, 12, 5], [7, 23, 8, 22], [8, 21, 9, 22]]
[[0, 9, 1, 10], [20, 6, 21, 5], [16, 4, 17, 3], [14, 2, 15, 1], [12, 21, 13, 22], [6, 14, 7, 13], [4, 18, 5, 17], [2, 16, 3, 15], [18, 19, 19, 20], [11, 23, 12, 22], [10, 23, 11, 0], [7, 9, 8, 8]]
[[17, 1, 18, 0], [3, 9, 4, 8], [7, 20, 8, 21], [5, 22, 6, 23], [21, 6, 22, 7], [23, 4, 0, 5], [1, 11, 2, 10], [9, 3, 10, 2], [14, 13, 15, 14], [18, 20, 19, 19], [16, 12, 17, 11], [15, 12, 16, 13]]
[[25, 10, 0, 11], [19, 12, 20, 13], [17, 3, 18, 2], [15, 5, 16, 4], [11, 0, 12, 1], [5, 20, 6, 21], [3, 17, 4, 16], [1, 19, 2, 18], [13, 15, 14, 14], [21, 6, 22, 7], [22, 8, 23, 7], [23, 8, 24, 9], [24, 10, 25, 9]]
[[0, 20, 1, 19], [24, 18, 25, 17], [20, 11, 21, 12], [18, 0, 19, 25], [16, 8, 17, 7], [12, 2, 13, 1], [8, 23, 9, 24], [2, 14, 3, 13], [15, 6, 16, 7], [14, 6, 15, 5], [21, 11, 22, 10], [22, 9, 23, 10], [3, 4, 4, 5]]
[[23, 8, 0, 9], [21, 5, 22, 4], [13, 3, 14, 2], [11, 7, 12, 6], [7, 0, 8, 1], [5, 13, 6, 12], [3, 15, 4, 14], [1, 23, 2, 22], [10, 10, 11, 9], [18, 17, 19, 18], [16, 20, 17, 19], [15, 20, 16, 21]]
[[21, 10, 0, 11], [17, 5, 18, 4], [15, 2, 16, 3], [13, 0, 14, 1], [7, 16, 8, 17], [5, 21, 6, 20], [3, 7, 4, 6], [1, 14, 2, 15], [19, 19, 20, 18], [11, 12, 12, 13], [8, 10, 9, 9]]
[[0, 16, 1, 15], [18, 5, 19, 6], [16, 10, 17, 9], [10, 20, 11, 19], [8, 1, 9, 2], [6, 3, 7, 4], [4, 17, 5, 18], [2, 7, 3, 8], [13, 20, 14, 21], [14, 24, 15, 23], [22, 12, 23, 11], [21, 12, 22, 13], [24, 25, 25, 0]]
[[21, 1, 22, 0], [7, 21, 8, 20], [11, 24, 12, 25], [25, 8, 0, 9], [9, 22, 10, 23], [23, 10, 24, 11], [1, 13, 2, 12], [19, 7, 20, 6], [2, 13, 3, 14], [3, 17, 4, 16], [15, 15, 16, 14], [4, 17, 5, 18], [5, 19, 6, 18]]
[[21, 7, 0, 6], [19, 12, 20, 13], [15, 8, 16, 9], [13, 2, 14, 3], [11, 18, 12, 19], [7, 1, 8, 0], [3, 14, 4, 15], [1, 21, 2, 20], [17, 16, 18, 17], [9, 11, 10, 10], [5, 5, 6, 4]]
[[0, 9, 1, 10], [22, 8, 23, 7], [20, 4, 21, 3], [16, 2, 17, 1], [12, 23, 13, 24], [8, 14, 9, 13], [6, 18, 7, 17], [2, 22, 3, 21], [14, 16, 15, 15], [25, 11, 0, 10], [24, 11, 25, 12], [4, 20, 5, 19], [5, 18, 6, 19]]
[[21, 1, 22, 0], [11, 15, 12, 14], [13, 22, 14, 23], [23, 12, 0, 13], [3, 21, 4, 20], [1, 8, 2, 9], [7, 2, 8, 3], [17, 5, 18, 4], [9, 11, 10, 10], [15, 16, 16, 17], [6, 19, 7, 20], [5, 19, 6, 18]]
[[0, 14, 1, 13], [22, 5, 23, 6], [20, 7, 21, 8], [14, 10, 15, 9], [12, 0, 13, 23], [8, 1, 9, 2], [6, 21, 7, 22], [2, 19, 3, 20], [10, 12, 11, 11], [18, 16, 19, 15], [17, 4, 18, 5], [16, 4, 17, 3]]
[[19, 7, 20, 6], [17, 15, 18, 14], [15, 2, 16, 3], [13, 5, 14, 4], [9, 1, 10, 0], [5, 11, 6, 10], [3, 19, 4, 18], [1, 16, 2, 17], [8, 23, 9, 24], [7, 23, 8, 22], [21, 25, 22, 24], [20, 25, 21, 0], [12, 12, 13, 11]]
[[0, 14, 1, 13], [22, 4, 23, 3], [16, 12, 17, 11], [12, 0, 13, 25], [10, 6, 11, 5], [8, 2, 9, 1], [4, 22, 5, 21], [2, 10, 3, 9], [17, 25, 18, 24], [20, 23, 21, 24], [19, 18, 20, 19], [7, 15, 8, 14], [6, 15, 7, 16]]
[[25, 16, 0, 17], [19, 15, 20, 14], [17, 0, 18, 1], [15, 7, 16, 6], [11, 4, 12, 5], [7, 19, 8, 18], [5, 22, 6, 23], [1, 8, 2, 9], [23, 25, 24, 24], [9, 2, 10, 3], [10, 4, 11, 3], [21, 13, 22, 12], [20, 13, 21, 14]]
[[17, 1, 18, 0], [3, 17, 4, 16], [15, 26, 16, 27], [27, 4, 0, 5], [9, 20, 10, 21], [23, 12, 24, 13], [1, 11, 2, 10], [11, 3, 12, 2], [22, 8, 23, 7], [21, 8, 22, 9], [13, 24, 14, 25], [14, 26, 15, 25], [5, 18, 6, 19], [6, 20, 7, 19]]
[[21, 1, 22, 0], [19, 24, 20, 25], [5, 16, 6, 17], [25, 11, 26, 10], [23, 6, 24, 7], [17, 23, 18, 22], [11, 20, 12, 21], [7, 19, 8, 18], [15, 4, 16, 5], [12, 2, 13, 1], [3, 14, 4, 15], [2, 14, 3, 13], [9, 27, 10, 26], [8, 27, 9, 0]]
[[25, 7, 0, 6], [20, 10, 21, 9], [16, 6, 17, 5], [10, 22, 11, 21], [8, 20, 9, 19], [7, 1, 8, 0], [2, 14, 3, 13], [1, 25, 2, 24], [18, 17, 19, 18], [15, 4, 16, 5], [14, 4, 15, 3], [11, 22, 12, 23], [12, 24, 13, 23]]
[[0, 22, 1, 21], [23, 6, 24, 7], [22, 18, 23, 17], [18, 26, 19, 25], [11, 4, 12, 5], [7, 12, 8, 13], [5, 24, 6, 25], [3, 10, 4, 11], [1, 17, 2, 16], [2, 15, 3, 16], [27, 20, 0, 21], [26, 20, 27, 19], [9, 14, 10, 15], [8, 14, 9, 13]]
[[0, 20, 1, 19], [25, 6, 26, 7], [20, 18, 21, 17], [18, 0, 19, 27], [16, 12, 17, 11], [12, 2, 13, 1], [5, 26, 6, 27], [4, 16, 5, 15], [10, 22, 11, 21], [7, 24, 8, 25], [8, 24, 9, 23], [9, 22, 10, 23], [3, 14, 4, 15], [2, 14, 3, 13]]
[[0, 16, 1, 15], [24, 10, 25, 9], [22, 8, 23, 7], [18, 4, 19, 3], [16, 2, 17, 1], [14, 0, 15, 29], [8, 24, 9, 23], [6, 22, 7, 21], [2, 18, 3, 17], [5, 20, 6, 21], [4, 20, 5, 19], [25, 10, 26, 11], [28, 14, 29, 13], [27, 12, 28, 13], [26, 12, 27, 11]]
[[29, 23, 0, 22], [27, 13, 28, 12], [23, 29, 24, 28], [21, 1, 22, 0], [19, 3, 20, 2], [13, 9, 14, 8], [11, 25, 12, 24], [3, 19, 4, 18], [1, 21, 2, 20], [15, 7, 16, 6], [14, 7, 15, 8], [5, 17, 6, 16], [4, 17, 5, 18], [9, 27, 10, 26], [10, 25, 11, 26]]
[[0, 12, 1, 11], [22, 8, 23, 7], [18, 10, 19, 9], [14, 6, 15, 5], [12, 2, 13, 1], [10, 0, 11, 25], [8, 22, 9, 21], [6, 18, 7, 17], [4, 14, 5, 13], [19, 25, 20, 24], [20, 23, 21, 24], [15, 16, 16, 17], [2, 4, 3, 3]]
[[27, 9, 0, 8], [25, 11, 26, 10], [21, 5, 22, 4], [17, 3, 18, 2], [15, 23, 16, 22], [9, 27, 10, 26], [7, 1, 8, 0], [3, 21, 4, 20], [1, 17, 2, 16], [12, 6, 13, 5], [11, 6, 12, 7], [13, 25, 14, 24], [14, 23, 15, 24], [18, 19, 19, 20]]
[[29, 13, 0, 12], [27, 15, 28, 14], [25, 11, 26, 10], [19, 5, 20, 4], [15, 27, 16, 26], [13, 29, 14, 28], [11, 1, 12, 0], [9, 17, 10, 16], [3, 23, 4, 22], [7, 19, 8, 18], [8, 17, 9, 18], [1, 25, 2, 24], [2, 23, 3, 24], [20, 5, 21, 6], [21, 7, 22, 6]]
[[0, 10, 1, 9], [24, 22, 25, 21], [22, 8, 23, 7], [18, 0, 19, 27], [14, 6, 15, 5], [12, 4, 13, 3], [8, 24, 9, 23], [6, 18, 7, 17], [4, 14, 5, 13], [16, 16, 17, 15], [20, 26, 21, 25], [19, 26, 20, 27], [1, 10, 2, 11], [2, 12, 3, 11]]
[[23, 15, 24, 14], [21, 13, 22, 12], [19, 5, 20, 4], [17, 21, 18, 20], [13, 23, 14, 22], [9, 1, 10, 0], [5, 3, 6, 2], [3, 19, 4, 18], [1, 7, 2, 6], [25, 11, 0, 10], [24, 11, 25, 12], [8, 7, 9, 8], [16, 15, 17, 16]]
[[0, 7, 1, 8], [26, 9, 27, 10], [22, 18, 23, 17], [20, 4, 21, 3], [18, 14, 19, 13], [14, 22, 15, 21], [12, 23, 13, 24], [8, 27, 9, 0], [4, 20, 5, 19], [5, 6, 6, 7], [25, 11, 26, 10], [24, 11, 25, 12], [2, 16, 3, 15], [1, 16, 2, 17]]
[[0, 12, 1, 11], [24, 18, 25, 17], [22, 10, 23, 9], [18, 4, 19, 3], [16, 0, 17, 27], [12, 2, 13, 1], [10, 24, 11, 23], [6, 20, 7, 19], [2, 14, 3, 13], [15, 26, 16, 27], [14, 26, 15, 25], [4, 22, 5, 21], [5, 20, 6, 21], [8, 8, 9, 7]]
[[0, 10, 1, 9], [20, 12, 21, 11], [16, 4, 17, 3], [14, 8, 15, 7], [12, 2, 13, 1], [10, 22, 11, 21], [8, 18, 9, 17], [4, 16, 5, 15], [2, 14, 3, 13], [25, 19, 0, 18], [22, 19, 23, 20], [6, 6, 7, 5], [23, 25, 24, 24]]
[[25, 18, 0, 19], [21, 6, 22, 7], [19, 4, 20, 5], [17, 13, 18, 12], [13, 2, 14, 3], [11, 24, 12, 25], [5, 20, 6, 21], [3, 1, 4, 0], [1, 16, 2, 17], [14, 16, 15, 15], [8, 8, 9, 7], [9, 22, 10, 23], [10, 24, 11, 23]]
[[27, 16, 0, 17], [25, 9, 26, 8], [21, 11, 22, 10], [17, 26, 18, 27], [15, 5, 16, 4], [11, 21, 12, 20], [9, 25, 10, 24], [7, 1, 8, 0], [1, 13, 2, 12], [22, 20, 23, 19], [23, 18, 24, 19], [5, 15, 6, 14], [6, 13, 7, 14], [3, 3, 4, 2]]
[[27, 15, 28, 14], [25, 13, 26, 12], [21, 9, 22, 8], [19, 7, 20, 6], [15, 25, 16, 24], [13, 27, 14, 26], [11, 1, 12, 0], [7, 19, 8, 18], [5, 21, 6, 20], [23, 17, 24, 16], [22, 17, 23, 18], [1, 11, 2, 10], [4, 9, 5, 10], [2, 0, 3, 29], [3, 28, 4, 29]]
[[0, 13, 1, 14], [24, 15, 25, 16], [20, 7, 21, 8], [18, 2, 19, 1], [16, 23, 17, 24], [14, 25, 15, 0], [12, 18, 13, 17], [8, 19, 9, 20], [6, 10, 7, 9], [5, 2, 6, 3], [3, 4, 4, 5], [21, 10, 22, 11], [22, 12, 23, 11]]
[[27, 14, 0, 15], [25, 16, 26, 17], [17, 6, 18, 7], [15, 26, 16, 27], [13, 11, 14, 10], [11, 4, 12, 5], [9, 24, 10, 25], [5, 1, 6, 0], [1, 12, 2, 13], [7, 20, 8, 21], [8, 22, 9, 21], [22, 20, 23, 19], [23, 18, 24, 19], [3, 2, 4, 3]]
[[0, 18, 1, 17], [24, 16, 25, 15], [22, 10, 23, 9], [18, 24, 19, 23], [16, 26, 17, 25], [14, 6, 15, 5], [10, 2, 11, 1], [6, 20, 7, 19], [4, 14, 5, 13], [27, 27, 0, 26], [21, 8, 22, 9], [20, 8, 21, 7], [3, 12, 4, 13], [2, 12, 3, 11]]
[[0, 18, 1, 17], [26, 13, 27, 14], [24, 3, 25, 4], [18, 2, 19, 1], [16, 0, 17, 27], [14, 25, 15, 26], [12, 16, 13, 15], [4, 23, 5, 24], [2, 12, 3, 11], [5, 23, 6, 22], [8, 21, 9, 22], [19, 11, 20, 10], [20, 9, 21, 10], [7, 7, 8, 6]]
[[27, 13, 0, 12], [25, 1, 26, 0], [23, 5, 24, 4], [17, 9, 18, 8], [15, 3, 16, 2], [11, 27, 12, 26], [5, 23, 6, 22], [3, 17, 4, 16], [1, 25, 2, 24], [19, 7, 20, 6], [18, 7, 19, 8], [13, 11, 14, 10], [14, 9, 15, 10], [21, 20, 22, 21]]
[[29, 11, 0, 10], [25, 12, 26, 13], [23, 27, 24, 26], [19, 2, 20, 3], [13, 24, 14, 25], [11, 21, 12, 20], [9, 1, 10, 0], [7, 14, 8, 15], [1, 9, 2, 8], [27, 23, 28, 22], [28, 21, 29, 22], [6, 16, 7, 15], [5, 16, 6, 17], [18, 4, 19, 3], [17, 4, 18, 5]]
[[0, 16, 1, 15], [26, 3, 27, 4], [22, 14, 23, 13], [18, 0, 19, 27], [16, 2, 17, 1], [14, 8, 15, 7], [10, 20, 11, 19], [4, 25, 5, 26], [2, 18, 3, 17], [11, 20, 12, 21], [12, 22, 13, 21], [8, 9, 9, 10], [5, 25, 6, 24], [6, 23, 7, 24]]
[[25, 18, 0, 19], [21, 8, 22, 9], [19, 4, 20, 5], [17, 11, 18, 10], [11, 2, 12, 3], [9, 20, 10, 21], [7, 22, 8, 23], [3, 1, 4, 0], [1, 12, 2, 13], [6, 24, 7, 23], [5, 24, 6, 25], [16, 16, 17, 15], [13, 15, 14, 14]]
[[0, 20, 1, 19], [24, 17, 25, 18], [20, 7, 21, 8], [18, 12, 19, 11], [12, 29, 13, 0], [10, 4, 11, 3], [8, 2, 9, 1], [4, 23, 5, 24], [2, 10, 3, 9], [15, 27, 16, 26], [16, 25, 17, 26], [13, 29, 14, 28], [14, 27, 15, 28], [5, 23, 6, 22], [6, 21, 7, 22]]
[[25, 9, 26, 8], [23, 13, 24, 12], [21, 25, 22, 24], [19, 3, 20, 2], [13, 11, 14, 10], [11, 23, 12, 22], [9, 21, 10, 20], [3, 1, 4, 0], [1, 19, 2, 18], [6, 18, 7, 17], [7, 14, 8, 15], [5, 27, 6, 26], [4, 27, 5, 0], [16, 16, 17, 15]]
[[0, 12, 1, 11], [26, 20, 27, 19], [20, 2, 21, 1], [18, 9, 19, 10], [14, 7, 15, 8], [12, 0, 13, 27], [10, 13, 11, 14], [8, 15, 9, 16], [6, 22, 7, 21], [16, 18, 17, 17], [24, 4, 25, 3], [25, 2, 26, 3], [22, 6, 23, 5], [23, 4, 24, 5]]
[[27, 17, 0, 16], [23, 4, 24, 5], [21, 15, 22, 14], [17, 25, 18, 24], [15, 11, 16, 10], [13, 21, 14, 20], [7, 1, 8, 0], [5, 22, 6, 23], [3, 7, 4, 6], [26, 12, 27, 11], [25, 12, 26, 13], [2, 9, 3, 10], [1, 9, 2, 8], [19, 19, 20, 18]]
[[25, 13, 0, 12], [19, 10, 20, 11], [15, 2, 16, 3], [13, 6, 14, 7], [11, 9, 12, 8], [9, 20, 10, 21], [7, 1, 8, 0], [5, 18, 6, 19], [1, 14, 2, 15], [22, 22, 23, 21], [24, 24, 25, 23], [17, 4, 18, 5], [16, 4, 17, 3]]
[[25, 14, 0, 15], [23, 18, 24, 19], [19, 11, 20, 10], [17, 6, 18, 7], [13, 5, 14, 4], [11, 24, 12, 25], [7, 23, 8, 22], [5, 1, 6, 0], [3, 13, 4, 12], [2, 2, 3, 1], [9, 21, 10, 20], [8, 21, 9, 22], [16, 16, 17, 15]]
[[0, 5, 1, 6], [28, 8, 29, 7], [26, 0, 27, 29], [18, 12, 19, 11], [14, 24, 15, 23], [12, 3, 13, 4], [10, 18, 11, 17], [6, 28, 7, 27], [4, 13, 5, 14], [16, 20, 17, 19], [15, 22, 16, 23], [2, 9, 3, 10], [1, 9, 2, 8], [21, 25, 22, 24], [20, 25, 21, 26]]
[[25, 17, 0, 16], [23, 6, 24, 7], [21, 15, 22, 14], [19, 25, 20, 24], [15, 8, 16, 9], [13, 23, 14, 22], [9, 0, 10, 1], [7, 20, 8, 21], [3, 10, 4, 11], [18, 18, 19, 17], [11, 4, 12, 5], [12, 6, 13, 5], [1, 3, 2, 2]]
[[0, 20, 1, 19], [26, 7, 27, 8], [24, 4, 25, 3], [20, 13, 21, 14], [18, 0, 19, 27], [16, 23, 17, 24], [12, 17, 13, 18], [8, 25, 9, 26], [6, 12, 7, 11], [5, 10, 6, 11], [4, 10, 5, 9], [14, 21, 15, 22], [15, 23, 16, 22], [2, 2, 3, 1]]
[[0, 16, 1, 15], [24, 13, 25, 14], [22, 12, 23, 11], [18, 2, 19, 1], [14, 7, 15, 8], [12, 10, 13, 9], [10, 22, 11, 21], [8, 23, 9, 24], [6, 28, 7, 27], [19, 27, 20, 26], [20, 25, 21, 26], [28, 6, 29, 5], [29, 4, 0, 5], [16, 4, 17, 3], [17, 2, 18, 3]]
[[25, 19, 0, 18], [21, 16, 22, 17], [19, 12, 20, 13], [17, 11, 18, 10], [15, 20, 16, 21], [13, 4, 14, 5], [11, 24, 12, 25], [9, 1, 10, 0], [3, 14, 4, 15], [8, 8, 9, 7], [1, 7, 2, 6], [2, 5, 3, 6], [23, 23, 24, 22]]
[[0, 12, 1, 11], [24, 9, 25, 10], [22, 15, 23, 16], [20, 24, 21, 23], [18, 27, 19, 0], [16, 21, 17, 22], [14, 6, 15, 5], [10, 18, 11, 17], [6, 19, 7, 20], [1, 12, 2, 13], [2, 14, 3, 13], [7, 27, 8, 26], [8, 25, 9, 26], [3, 5, 4, 4]]
